ID: <block id> Mapcolor: <color id>

9 4285427310
10 4281684648
11 4288099751
12 4289213780
1018 4289873185
13 4287866933
14 4282558518
15 4281704102
182 4279834905
42 4288321167
39 4283270342
37 4291715791
40 4291782224
1020 4289354281
41 4291995973
38 4283091074
1019 4280918697
1021 4281019179
1022 4284637794
1023 4278788452
18 4283311215
20 4285473833
16 4287315465
21 4285488420
19 4282614544
17 4280577869
1024 4279769112
29 4288783269
30 4292835905
31 4293962023
34 4282737427
35 4282737427
36 4282737427
22 4287191826
1057 4291924770
32 4291792930
1058 4283579151
33 4278190080
45 4285686091
46 4285426528
47 4287525711
48 4286533419
49 4285887861
44 16777216
50 0
243 16777216
136 0
51 4294480537
52 4293495798
53 4289169910
54 4286487030
55 4288011510
56 4287822762
57 4294498956
58 4294359700
72 4278190318
71 4293787886
70 4293787648
76 4293818112
75 4293848576
74 4278251008
73 4278251246
78 4286496276
79 4291004548
80 4288234511
81 4283832702
82 4283860245
0 4278190080
1 0
2 0
3 0
4 0
459 0
411 0
412 0
413 0
414 0
460 0
6 4281080346
7 4279905306
8 4279900716
408 4278988093
409 4282387520
410 4281086730
26 4288425286
27 4281834544
28 4281156764
1008 4281175449
1009 4287704473
1010 4288123437
23 4288425286
24 4281834544
25 4281156764
1005 4281175449
1006 4287704473
1007 4288123437
100 0
101 0
110 0
111 0
165 4290285077
43 4290285077
214 4280049908
213 4280049908
5 4282595615
255 0
360 0
121 0
466 0
114 0
116 0
115 0
117 0
118 0
120 0
98 0
99 0
424 0
472 0
113 0
185 4284760474
184 4284760474
467 0
1080 4292305967
1079 4292305967
1012 4289309097
1011 4289309097
422 0
206 4284642431
207 4284642431
423 0
1028 0
1027 0
157 4279900698
156 4285822067
77 0
83 0
361 0
368 0
119 0
416 0
369 0
381 0
242 4286293959
374 4290342253
241 4287072135
337 0
397 1718026239
249 0
250 0
251 0
252 0
253 0
254 0
244 0
245 0
246 0
247 0
248 0
233 0
234 0
235 0
236 0
237 0
238 0
239 0
240 0
223 0
256 0
257 0
258 0
259 0
260 0
500 4281611316
501 4279904597
502 4283045713
503 4283767338
644 4285478667
504 4282798615
505 4280177176
506 4279717715
645 4278519045
646 4281413937
647 4278522162
509 4280619318
511 4281799188
507 4282653956
512 4281806354
510 4280369416
508 4279318310
648 4278979596
513 4282137660
514 4280235615
515 4283770976
516 4284354083
649 4286794266
517 4283587101
518 4280637726
519 4280510308
650 4279834905
520 4281677109
521 4280037981
522 4283177043
523 4283501598
651 4286202129
524 4282929944
525 4280111896
526 4280048987
652 4279374354
610 4282598211
611 4280498785
612 4284364910
613 4285272105
653 4287386403
614 4284309795
615 4281229092
616 4281037166
654 4280295456
527 4294765736
528 4289789096
529 4292410536
530 4289264636
531 4289249532
532 4294941595
676 4294951323
677 4291994879
538 4282138696
606 4279118982
672 4284621182
671 4287895580
533 4287249440
535 4286999845
536 4284779296
537 4280312971
534 4285096000
545 4291393084
546 4281211760
547 4289022080
548 4284308829
549 4278423833
558 4287989300
563 4291857541
607 4278523256
60 4294677428
61 4285999979
62 4285535519
63 4281356899
64 4279388434
65 4290868340
66 4288964688
67 4287377425
227 0
431 0
432 0
433 0
434 0
539 4294879426
540 4291287551
59 4292459398
228 0
229 0
230 0
231 0
232 0
68 4285027412
69 4284378740
224 0
225 0
226 0
541 4282729797
542 4280889652
543 4280626222
544 4280691759
218 0
219 0
220 0
221 0
222 0
84 4288627520
85 4282086045
86 4287006342
87 4294967295
88 4285288236
89 4290406769
90 4285102010
91 4284790382
1051 4290610259
375 0
376 0
379 0
380 0
377 0
378 0
438 0
439 0
637 4285758849
261 0
92 4286611584
550 4284111450
551 4287265133
552 4285823624
553 4283058762
262 0
263 0
264 0
265 0
266 0
267 0
268 0
269 0
270 0
93 4289762148
94 4289238101
154 0
271 0
272 0
435 0
436 0
554 4284895028
555 4286801474
559 4283120165
560 4282861383
95 4284375655
1044 4283723876
1045 4285092151
1046 4283258738
561 4282072900
562 4282072900
688 4281289534
689 4281289534
690 4283184154
691 4283184154
692 4281284948
693 4281284948
96 0
97 0
564 4293914345
565 4287861390
566 4283587184
567 4281349441
667 4286266435
668 4282917671
669 4283986002
670 4281549104
276 0
277 0
278 0
279 0
280 0
281 0
282 0
283 0
284 0
122 0
123 0
124 0
125 0
126 0
127 0
568 4287850317
569 4285550911
570 4289278254
571 4286721836
572 4283922077
573 4282997364
285 0
286 0
287 0
288 0
289 0
290 0
291 0
292 0
293 0
294 0
295 0
296 0
297 0
298 0
299 0
132 4281025487
133 4292487384
129 4292163365
135 4293231135
130 4292857625
128 4287884048
134 4281183248
131 4285711851
300 0
574 4285913831
575 4285913831
576 4285913831
577 4285913831
578 4285913831
137 4292924849
138 4288847240
139 4293187981
140 4292392538
141 4289696872
142 4286143029
579 4291871900
580 4289701770
581 4292397668
582 4291928888
583 4291734909
584 4286340668
301 0
302 0
303 0
304 0
305 0
306 0
307 0
308 0
309 0
310 0
143 4294376703
311 0
312 0
313 0
314 0
315 0
316 0
317 0
318 0
144 4286479998
145 4284046173
585 4281545523
586 4283914071
587 4280902529
588 4283393593
589 4285092633
146 0
147 0
148 0
149 4286611327
150 4285361260
151 4284505951
152 4284900709
153 4285361260
319 0
320 0
321 0
322 0
323 0
324 0
594 4291808184
595 4289702040
596 4289241487
597 4289241486
598 4287858286
158 0
159 4283719528
160 4283258462
599 4281152827
325 0
326 4281020210
162 0
163 0
437 0
600 4286803017
590 4291870339
591 4285608733
592 4283788641
556 4285025068
593 4291280806
440 0
330 0
275 0
329 0
273 0
328 0
327 0
166 4291588876
167 4292770317
168 4291785741
169 4292178946
170 4293623042
171 4292178946
172 4292335325
173 4284717819
174 4284011274
175 4293018989
176 4294945604
1029 4286545791
601 4286611334
602 4280832734
603 4281238784
604 4286588222
332 0
333 0
334 0
335 0
428 0
429 0
430 0
331 0
177 4292711483
178 4291200308
179 4287717671
180 4290149169
181 4290018099
336 0
425 0
426 0
427 0
699 4286727424
700 4286727936
701 4286531074
675 4289396798
673 4289347100
697 4289243136
698 4279085172
674 4282149632
605 4278460021
608 4288716897
609 4285558852
663 4286592316
664 4284685349
665 4284818283
666 4282521414
338 0
339 0
340 0
274 0
341 0
342 0
343 0
344 0
345 0
346 0
347 0
348 0
349 0
350 0
351 0
352 0
353 0
354 0
355 0
356 0
186 4285229931
187 4281291665
188 4286594449
189 4289206591
1025 4288763185
190 4289442611
191 4282753847
192 4282167980
1026 4280756007
193 0
194 0
195 4288256378
196 4289491041
197 4284647578
198 4287071297
617 4284900945
618 4286008900
619 4282473062
620 4285229108
199 0
621 4285039619
622 4283985923
623 4282536962
357 0
358 0
359 0
624 4292381209
625 4283728909
626 4280236504
362 0
363 0
364 0
365 0
366 0
367 0
202 4294954558
203 4294612750
204 4294926080
627 4291601203
628 4291196171
629 4290198016
415 0
370 0
371 0
372 0
373 0
557 4286273089
630 4284504612
382 0
383 0
384 0
208 4291678675
209 4290895033
210 4293248719
211 0
638 4286020477
639 4285563247
640 4286805627
1000 0
385 0
386 4285292851
387 4283072799
388 4281674005
389 4281674005
212 4291608181
390 4281931269
391 4282782723
392 4284362756
393 4285939462
394 4284625668
395 4279963398
396 4281340162
641 4285092098
642 4285081090
643 4285072643
215 4289903841
216 4281882722
398 4282599252
399 4283454564
400 4281743683
401 0
402 0
403 0
404 0
1001 4278333490
1002 4282652162
1003 4282133761
1004 4282253889
1052 4280492835
1053 4278328627
1054 4282647050
1055 4278923020
1056 4279045389
405 0
406 0
407 0
1013 4281159446
1014 4283044977
1015 4288504090
1016 4281486204
1017 4289471793
417 0
418 0
419 0
453 0
420 0
421 0
461 0
1065 4291274054
1066 4290745382
1067 4290747714
1068 4290351924
1069 0
709 4286734350
710 4286732039
711 4286471184
201 4280818688
200 4290418747
655 4280288294
656 4278459936
657 4278389791
658 4281074970
659 4278720002
660 4280552709
661 4281473544
662 4281534729
441 0
442 0
443 0
444 0
445 0
1030 4286661156
1031 4284715026
1032 4292060504
1033 4284902526
1034 4286530579
678 4283897858
679 4280570112
680 4285875973
681 4281086532
682 4283767304
1035 4289626968
1036 4287450631
1037 4288747030
1038 4279655585
1039 4280911904
1040 4289503388
683 4284630550
684 4281801229
685 4283042823
686 4279316558
687 4278599444
446 0
447 0
448 0
449 0
450 0
451 0
452 0
1041 4283712289
1042 4282787847
1043 4283781198
1047 4283458607
1048 4286941567
1049 4282205244
1050 0
454 0
455 0
456 0
457 0
458 0
694 4280103180
695 4282072885
696 4279639316
1059 4285435079
1060 4288852429
1061 4287338699
1062 4287338700
1063 4287404748
702 4280171639
703 4282273130
462 0
463 0
464 0
465 0
1064 4282425009
1070 4288192659
1071 4291525909
1072 4282168599
1073 4286427867
1074 4291312959
468 0
469 0
470 0
704 4292251236
705 4286493294
706 4284328126
707 4292112048
1075 4284430375
1076 4282079792
1077 4280698975
1078 4284560972
471 0
